/*--------------------------------*- C++ -*----------------------------------*\
| =========                 |                                                 |
| \\      /  F ield         | OpenFOAM: The Open Source CFD Toolbox           |
|  \\    /   O peration     | Version:  2412                                  |
|   \\  /    A nd           | Website:  www.openfoam.com                      |
|    \\/     M anipulation  |                                                 |
\*---------------------------------------------------------------------------*/
FoamFile
{
    version     2.0;
    format      ascii;
    arch        "LSB;label=32;scalar=64";
    class       faceList;
    location    "constant/polyMesh";
    object      faces;
}
// * * * * * * * * * * * * * * * * * * * * * * * * * * * * * * * * * * * * * //


89
(
4(1 6 36 31)
4(5 35 36 6)
4(2 7 37 32)
4(6 36 37 7)
4(3 8 38 33)
4(7 37 38 8)
4(8 38 39 9)
4(6 11 41 36)
4(10 40 41 11)
4(7 12 42 37)
4(11 41 42 12)
4(8 13 43 38)
4(12 42 43 13)
4(13 43 44 14)
4(11 16 46 41)
4(15 45 46 16)
4(12 17 47 42)
4(16 46 47 17)
4(13 18 48 43)
4(17 47 48 18)
4(18 48 49 19)
4(16 21 51 46)
4(20 50 51 21)
4(17 22 52 47)
4(21 51 52 22)
4(18 23 53 48)
4(22 52 53 23)
4(23 53 54 24)
4(21 26 56 51)
4(22 27 57 52)
4(23 28 58 53)
4(0 30 35 5)
4(5 35 40 10)
4(10 40 45 15)
4(15 45 50 20)
4(20 50 55 25)
4(4 9 39 34)
4(9 14 44 39)
4(14 19 49 44)
4(19 24 54 49)
4(24 29 59 54)
4(0 1 31 30)
4(1 2 32 31)
4(2 3 33 32)
4(3 4 34 33)
4(25 55 56 26)
4(26 56 57 27)
4(27 57 58 28)
4(28 58 59 29)
4(0 5 6 1)
4(5 10 11 6)
4(10 15 16 11)
4(15 20 21 16)
4(20 25 26 21)
4(1 6 7 2)
4(6 11 12 7)
4(11 16 17 12)
4(16 21 22 17)
4(21 26 27 22)
4(2 7 8 3)
4(7 12 13 8)
4(12 17 18 13)
4(17 22 23 18)
4(22 27 28 23)
4(3 8 9 4)
4(8 13 14 9)
4(13 18 19 14)
4(18 23 24 19)
4(23 28 29 24)
4(30 31 36 35)
4(35 36 41 40)
4(40 41 46 45)
4(45 46 51 50)
4(50 51 56 55)
4(31 32 37 36)
4(36 37 42 41)
4(41 42 47 46)
4(46 47 52 51)
4(51 52 57 56)
4(32 33 38 37)
4(37 38 43 42)
4(42 43 48 47)
4(47 48 53 52)
4(52 53 58 57)
4(33 34 39 38)
4(38 39 44 43)
4(43 44 49 48)
4(48 49 54 53)
4(53 54 59 58)
)


// ************************************************************************* //
